(1.0, 1.0, 1.0)
(1.0, 1.0, 1.0)
(1.0, 1.0, 1.0)
(1.0, 1.0, 1.0)
(0.0, 0.0, 0.0)
(1.0, 0.0, 0.0)
(0.0, 0.0, 0.0)
(1.0, 0.0, 0.0)
(0.3333333333333333, 1.0, 0.3846153846153846)
(0.75, 0.75, 0.75)
(1.0, 1.0, 1.0)
(0.5, 0.3333333333333333, 0.45454545454545453)
(1.0, 0.0, 0.0)
(0.5, 0.25, 0.4166666666666667)
(1.0, 0.0, 0.0)
(1.0, 0.0, 0.0)
(1.0, 0.4, 0.7692307692307692)
(0.5, 0.3333333333333333, 0.45454545454545453)
(0.5, 0.25, 0.4166666666666667)
(1.0, 0.0, 0.0)
(1.0, 0.0, 0.0)
(1.0, 0.0, 0.0)
(1.0, 0.0, 0.0)
(1.0, 0.0, 0.0)
(1.0, 1.0, 1.0)
(0.0, 0.0, 0.0)
(1.0, 0.0, 0.0)
(1.0, 0.0, 0.0)
(1.0, 0.25, 0.625)
(1.0, 0.3333333333333333, 0.7142857142857143)
(0.75, 0.3, 0.576923076923077)
(1.0, 0.6666666666666666, 0.9090909090909091)
(1.0, 0.5, 0.8333333333333334)
(1.0, 1.0, 1.0)
(0.0, 0.0, 0.0)
(1.0, 0.3333333333333333, 0.7142857142857143)
(1.0, 0.5, 0.8333333333333334)
(1.0, 0.0, 0.0)
(0.5, 0.6666666666666666, 0.5263157894736842)
(1.0, 0.0, 0.0)
(1.0, 0.0, 0.0)
(1.0, 0.0, 0.0)
(0.0, 0.0, 0.0)
(1.0, 0.0, 0.0)
(1.0, 0.0, 0.0)
(1.0, 0.0, 0.0)
(1.0, 0.0, 0.0)
(1.0, 1.0, 1.0)
(0.6666666666666666, 0.6666666666666666, 0.6666666666666666)
(0.0, 0.0, 0.0)
(1.0, 1.0, 1.0)
(0.5, 0.25, 0.4166666666666667)
(1.0, 0.5, 0.8333333333333334)
(0.5, 0.07692307692307693, 0.2380952380952381)
(1.0, 1.0, 1.0)
(0.25, 0.14285714285714285, 0.21739130434782605)
(0.5, 0.16666666666666666, 0.35714285714285715)
(1.0, 0.5, 0.8333333333333334)
(0.75, 0.75, 0.75)
(0.5, 1.0, 0.5555555555555556)
(1.0, 1.0, 1.0)
(1.0, 0.0, 0.0)
(1.0, 0.0, 0.0)
(1.0, 0.36363636363636365, 0.7407407407407408)
(0.5, 0.5, 0.5)
(1.0, 0.25, 0.625)
(1.0, 0.0, 0.0)
(1.0, 0.0, 0.0)
(0.5, 0.25, 0.4166666666666667)
(1.0, 0.6666666666666666, 0.9090909090909091)
(1.0, 0.2, 0.5555555555555556)
(1.0, 0.0, 0.0)
(0.0, 0.0, 0.0)
(1.0, 0.0, 0.0)
(0.6666666666666666, 0.5, 0.625)
(1.0, 0.5, 0.8333333333333334)
(1.0, 1.0, 1.0)
(1.0, 1.0, 1.0)
(1.0, 0.0, 0.0)
(1.0, 0.0, 0.0)
(1.0, 0.0, 0.0)
(1.0, 0.0, 0.0)
(0.5, 1.0, 0.5555555555555556)
(1.0, 1.0, 1.0)
(0.5, 0.14285714285714285, 0.3333333333333333)
(1.0, 0.0, 0.0)
(1.0, 0.0, 0.0)
(1.0, 1.0, 1.0)
(1.0, 1.0, 1.0)
(0.6666666666666666, 0.6666666666666666, 0.6666666666666666)
(1.0, 0.0, 0.0)
(0.75, 0.25, 0.5357142857142857)
(0.0, 0.0, 0.0)
(1.0, 0.0, 0.0)
(1.0, 1.0, 1.0)
(1.0, 1.0, 1.0)
(1.0, 0.0, 0.0)
(1.0, 0.3333333333333333, 0.7142857142857143)
(1.0, 1.0, 1.0)
(1.0, 0.0, 0.0)
(1.0, 0.0, 0.0)
(1.0, 1.0, 1.0)
(1.0, 0.0, 0.0)
(1.0, 0.0, 0.0)
(1.0, 0.0, 0.0)
(1.0, 0.5, 0.8333333333333334)
(1.0, 1.0, 1.0)
(1.0, 0.0, 0.0)
(0.5, 1.0, 0.5555555555555556)
(0.0, 0.0, 0.0)
(1.0, 0.0, 0.0)
(1.0, 1.0, 1.0)
(1.0, 0.0, 0.0)
(1.0, 0.0, 0.0)
(1.0, 0.0, 0.0)
(1.0, 0.0, 0.0)
(1.0, 1.0, 1.0)
(0.3333333333333333, 0.3333333333333333, 0.3333333333333333)
(1.0, 0.0, 0.0)
(0.75, 1.0, 0.7894736842105263)
(1.0, 0.0, 0.0)
(1.0, 0.25, 0.625)
(0.5, 0.125, 0.3125)
(0.6666666666666666, 0.5, 0.625)
(1.0, 1.0, 1.0)
(1.0, 0.0, 0.0)
(1.0, 0.0, 0.0)
(1.0, 0.5, 0.8333333333333334)
(1.0, 0.0, 0.0)
(1.0, 0.5, 0.8333333333333334)
(1.0, 0.5, 0.8333333333333334)
(0.25, 0.3333333333333333, 0.2631578947368421)
(1.0, 0.2, 0.5555555555555556)
(0.5, 0.3333333333333333, 0.45454545454545453)
(1.0, 0.0, 0.0)
(1.0, 0.0, 0.0)
(1.0, 0.0, 0.0)
(0.5, 0.14285714285714285, 0.3333333333333333)
(1.0, 0.5, 0.8333333333333334)
(0.5, 0.2, 0.3846153846153846)
(0.0, 0.0, 0.0)
(0.5, 0.5, 0.5)
(0.75, 0.6, 0.7142857142857143)
(0.5, 0.3333333333333333, 0.45454545454545453)
(0.0, 0.0, 0.0)
(1.0, 1.0, 1.0)
(1.0, 0.0, 0.0)
(0.5, 0.25, 0.4166666666666667)
(1.0, 0.25, 0.625)
(1.0, 0.125, 0.4166666666666667)
(0.3333333333333333, 0.25, 0.3125)
(1.0, 0.0, 0.0)
(1.0, 0.0, 0.0)
(1.0, 0.125, 0.4166666666666667)
(1.0, 0.5, 0.8333333333333334)
(1.0, 0.0, 0.0)
(1.0, 0.25, 0.625)
(0.5, 0.25, 0.4166666666666667)
(0.5, 0.2, 0.3846153846153846)
(0.0, 0.0, 0.0)
(1.0, 0.0, 0.0)
(0.5, 0.5, 0.5)
(0.3333333333333333, 1.0, 0.3846153846153846)
(1.0, 0.16666666666666666, 0.5)
(1.0, 0.0, 0.0)
(1.0, 0.3333333333333333, 0.7142857142857143)
(1.0, 0.0, 0.0)
(1.0, 0.5, 0.8333333333333334)
(1.0, 0.0, 0.0)
(1.0, 0.5, 0.8333333333333334)
(1.0, 1.0, 1.0)
(1.0, 0.5, 0.8333333333333334)
(1.0, 0.0, 0.0)
(1.0, 0.0, 0.0)
(1.0, 0.0, 0.0)
(1.0, 0.0, 0.0)
(0.75, 0.5, 0.6818181818181818)
(1.0, 0.5, 0.8333333333333334)
(1.0, 0.0, 0.0)
(0.6666666666666666, 0.2857142857142857, 0.5263157894736842)
(1.0, 0.3333333333333333, 0.7142857142857143)
(1.0, 0.3333333333333333, 0.7142857142857143)
(1.0, 0.0, 0.0)
(1.0, 0.0, 0.0)
(1.0, 0.0, 0.0)
(1.0, 0.2, 0.5555555555555556)
(1.0, 1.0, 1.0)
(1.0, 0.6666666666666666, 0.9090909090909091)
(1.0, 0.0, 0.0)
(1.0, 0.3333333333333333, 0.7142857142857143)
(1.0, 0.4, 0.7692307692307692)
(1.0, 0.0, 0.0)
(1.0, 0.0, 0.0)
(1.0, 0.5, 0.8333333333333334)
(1.0, 1.0, 1.0)
(1.0, 0.0, 0.0)
(0.5, 0.4, 0.47619047619047616)
(1.0, 0.5, 0.8333333333333334)
(1.0, 0.0, 0.0)
(1.0, 1.0, 1.0)
(0.5, 1.0, 0.5555555555555556)
(1.0, 0.5, 0.8333333333333334)
(1.0, 0.3333333333333333, 0.7142857142857143)
(0.5, 0.25, 0.4166666666666667)
(0.5, 0.5, 0.5)
(1.0, 0.5, 0.8333333333333334)
(1.0, 1.0, 1.0)
(1.0, 0.25, 0.625)
(1.0, 0.0, 0.0)
(1.0, 0.3333333333333333, 0.7142857142857143)
(1.0, 0.0, 0.0)
(1.0, 0.0, 0.0)
(1.0, 0.0, 0.0)
(0.0, 0.0, 0.0)
(1.0, 0.25, 0.625)
(1.0, 0.0, 0.0)
(0.5, 0.16666666666666666, 0.35714285714285715)
(1.0, 0.2222222222222222, 0.5882352941176471)
(1.0, 0.0, 0.0)
(1.0, 0.0, 0.0)
(1.0, 0.0, 0.0)
(1.0, 0.0, 0.0)
(1.0, 1.0, 1.0)
(1.0, 0.0, 0.0)
(1.0, 1.0, 1.0)
(1.0, 0.0, 0.0)
(1.0, 0.0, 0.0)
(1.0, 0.0, 0.0)
(1.0, 0.25, 0.625)
(1.0, 0.0, 0.0)
(1.0, 1.0, 1.0)
(1.0, 0.0, 0.0)
(1.0, 0.0, 0.0)
(1.0, 0.6666666666666666, 0.9090909090909091)
(1.0, 0.0, 0.0)
(1.0, 0.5, 0.8333333333333334)
(0.5, 0.14285714285714285, 0.3333333333333333)
(1.0, 0.0, 0.0)
(1.0, 0.0, 0.0)
(1.0, 1.0, 1.0)
(1.0, 0.3333333333333333, 0.7142857142857143)
(1.0, 0.0, 0.0)
(1.0, 0.0, 0.0)
(1.0, 0.0, 0.0)
(1.0, 0.0, 0.0)
(1.0, 0.0, 0.0)
(1.0, 0.5, 0.8333333333333334)
(1.0, 0.0, 0.0)
(1.0, 1.0, 1.0)
(1.0, 1.0, 1.0)
(1.0, 0.6, 0.8823529411764706)
(1.0, 1.0, 1.0)
(0.5, 0.5, 0.5)
(1.0, 0.3333333333333333, 0.7142857142857143)
(1.0, 0.0, 0.0)
(1.0, 0.3333333333333333, 0.7142857142857143)
(1.0, 0.0, 0.0)
(1.0, 0.0, 0.0)
(1.0, 0.0, 0.0)
(1.0, 0.6666666666666666, 0.9090909090909091)
(0.5, 0.2, 0.3846153846153846)
(1.0, 0.0, 0.0)
(1.0, 0.0, 0.0)
(1.0, 0.25, 0.625)
(1.0, 0.0, 0.0)
(1.0, 0.25, 0.625)
(1.0, 1.0, 1.0)
(1.0, 0.0, 0.0)
(1.0, 0.25, 0.625)
(0.6, 0.6, 0.6)
(0.6666666666666666, 1.0, 0.7142857142857142)
(1.0, 0.0, 0.0)
(1.0, 0.0, 0.0)
(1.0, 1.0, 1.0)
(1.0, 0.0, 0.0)
(0.5, 0.2, 0.3846153846153846)
(1.0, 0.0, 0.0)
(0.6666666666666666, 0.4, 0.5882352941176471)
(1.0, 1.0, 1.0)
(1.0, 0.0, 0.0)
(1.0, 1.0, 1.0)
(1.0, 1.0, 1.0)
(1.0, 0.2857142857142857, 0.6666666666666666)
(1.0, 0.0, 0.0)
(1.0, 0.0, 0.0)
(1.0, 0.2, 0.5555555555555556)
(1.0, 0.2, 0.5555555555555556)
(1.0, 0.0, 0.0)
(1.0, 0.0, 0.0)
(1.0, 0.2, 0.5555555555555556)
(1.0, 1.0, 1.0)
(1.0, 0.3333333333333333, 0.7142857142857143)
(1.0, 0.5, 0.8333333333333334)
(1.0, 1.0, 1.0)
(1.0, 0.5, 0.8333333333333334)
(1.0, 0.5, 0.8333333333333334)
(1.0, 0.0, 0.0)
(1.0, 0.0, 0.0)
(1.0, 0.0, 0.0)
(1.0, 0.0, 0.0)
(1.0, 1.0, 1.0)
(0.0, 0.0, 0.0)
(1.0, 1.0, 1.0)
(1.0, 0.0, 0.0)
(0.0, 0.0, 0.0)
(1.0, 1.0, 1.0)
(1.0, 1.0, 1.0)
(1.0, 1.0, 1.0)
(0.0, 0.0, 0.0)
(1.0, 0.3333333333333333, 0.7142857142857143)
(1.0, 0.3333333333333333, 0.7142857142857143)
(1.0, 0.16666666666666666, 0.5)
(1.0, 0.0, 0.0)
(1.0, 0.0, 0.0)
(1.0, 0.0, 0.0)
(1.0, 0.0, 0.0)
(1.0, 0.0, 0.0)
(1.0, 0.125, 0.4166666666666667)
(1.0, 0.0, 0.0)
(0.0, 0.0, 0.0)
(1.0, 0.0, 0.0)
(1.0, 0.0, 0.0)
(1.0, 0.0, 0.0)
(1.0, 0.3333333333333333, 0.7142857142857143)
(1.0, 0.0, 0.0)
(0.0, 0.0, 0.0)
(1.0, 0.0, 0.0)
(1.0, 1.0, 1.0)
(0.5, 0.1111111111111111, 0.29411764705882354)
(1.0, 0.0, 0.0)
(1.0, 0.0, 0.0)
(0.5, 0.13333333333333333, 0.32258064516129037)
(0.5, 0.09090909090909091, 0.26315789473684215)
(0.8333333333333334, 0.21739130434782608, 0.5319148936170213)
(1.0, 0.058823529411764705, 0.23809523809523808)
(1.0, 0.0, 0.0)
(1.0, 0.0, 0.0)
(0.5, 0.3333333333333333, 0.45454545454545453)
(0.0, 0.0, 0.0)
(0.0, 0.0, 0.0)
(1.0, 1.0, 1.0)
(1.0, 0.0, 0.0)
(0.5, 0.16666666666666666, 0.35714285714285715)
(1.0, 0.0, 0.0)
(1.0, 0.0, 0.0)
(1.0, 0.0, 0.0)
(1.0, 0.0, 0.0)
(0.0, 0.0, 0.0)
(1.0, 0.0, 0.0)
(1.0, 0.0, 0.0)
(0.0, 0.0, 0.0)
(1.0, 0.3333333333333333, 0.7142857142857143)
(1.0, 1.0, 1.0)
(1.0, 0.3333333333333333, 0.7142857142857143)
(1.0, 0.4, 0.7692307692307692)
(0.5, 0.14285714285714285, 0.3333333333333333)
(1.0, 0.5, 0.8333333333333334)
(1.0, 0.0, 0.0)
(1.0, 0.0, 0.0)
(1.0, 0.0, 0.0)
(1.0, 0.5, 0.8333333333333334)
(1.0, 0.0, 0.0)
(0.0, 0.0, 0.0)
(1.0, 0.3333333333333333, 0.7142857142857143)
(1.0, 1.0, 1.0)
(1.0, 0.5, 0.8333333333333334)
(1.0, 0.0, 0.0)
(1.0, 0.0, 0.0)
(1.0, 0.0, 0.0)
(1.0, 0.0, 0.0)
(0.0, 0.0, 0.0)
(1.0, 0.3333333333333333, 0.7142857142857143)
(1.0, 0.0, 0.0)
(1.0, 0.0, 0.0)
(1.0, 0.3333333333333333, 0.7142857142857143)
(0.3333333333333333, 0.5, 0.3571428571428571)
(1.0, 0.4, 0.7692307692307692)
(1.0, 0.0, 0.0)
(1.0, 0.2857142857142857, 0.6666666666666666)
(1.0, 0.0, 0.0)
(0.0, 0.0, 0.0)
(1.0, 1.0, 1.0)
(0.3333333333333333, 1.0, 0.3846153846153846)
(1.0, 0.0, 0.0)
(1.0, 0.0, 0.0)
(1.0, 0.14285714285714285, 0.4545454545454545)
(1.0, 0.0, 0.0)
(1.0, 0.0, 0.0)
(1.0, 0.0, 0.0)
(1.0, 0.3333333333333333, 0.7142857142857143)
(1.0, 0.0, 0.0)
(1.0, 0.5, 0.8333333333333334)
(1.0, 0.0, 0.0)
(1.0, 0.2, 0.5555555555555556)
(1.0, 1.0, 1.0)
(0.5, 0.3333333333333333, 0.45454545454545453)
(1.0, 0.2222222222222222, 0.5882352941176471)
(0.5, 0.25, 0.4166666666666667)
(1.0, 0.0, 0.0)
(1.0, 0.0, 0.0)
(0.3333333333333333, 0.5, 0.3571428571428571)
(0.0, 0.0, 0.0)
(1.0, 0.5, 0.8333333333333334)
(1.0, 1.0, 1.0)
(1.0, 0.5, 0.8333333333333334)
(1.0, 0.0, 0.0)
(0.0, 0.0, 0.0)
(1.0, 0.0, 0.0)
(1.0, 0.2, 0.5555555555555556)
(1.0, 1.0, 1.0)
(1.0, 0.0, 0.0)
(0.0, 0.0, 0.0)
(1.0, 0.0, 0.0)
(1.0, 0.5, 0.8333333333333334)
(1.0, 0.0, 0.0)
(0.0, 0.0, 0.0)
(1.0, 0.0, 0.0)
(0.6666666666666666, 0.6666666666666666, 0.6666666666666666)
(1.0, 0.0, 0.0)
(0.5, 0.5, 0.5)
(1.0, 0.0, 0.0)
(1.0, 0.0, 0.0)
(1.0, 0.0, 0.0)
(1.0, 0.5, 0.8333333333333334)
(1.0, 0.5, 0.8333333333333334)
(1.0, 1.0, 1.0)
(1.0, 1.0, 1.0)
(1.0, 1.0, 1.0)
(1.0, 0.16666666666666666, 0.5)
(1.0, 0.2, 0.5555555555555556)
(1.0, 1.0, 1.0)
(0.5, 0.3333333333333333, 0.45454545454545453)
(1.0, 0.0, 0.0)
(0.5, 0.25, 0.4166666666666667)
(0.3333333333333333, 0.5, 0.3571428571428571)
(0.0, 0.0, 0.0)
(0.5, 0.16666666666666666, 0.35714285714285715)
(1.0, 0.0, 0.0)
(0.0, 0.0, 0.0)
(1.0, 0.0, 0.0)
(0.0, 0.0, 0.0)
(1.0, 0.2, 0.5555555555555556)
(0.5, 0.5, 0.5)
(0.0, 0.0, 0.0)
(1.0, 0.0, 0.0)
(1.0, 0.5, 0.8333333333333334)
(1.0, 0.25, 0.625)
(0.3333333333333333, 0.2, 0.29411764705882354)
(1.0, 0.3333333333333333, 0.7142857142857143)
(1.0, 1.0, 1.0)
(1.0, 0.6666666666666666, 0.9090909090909091)
(1.0, 0.5, 0.8333333333333334)
(1.0, 1.0, 1.0)
(1.0, 0.0, 0.0)
(0.0, 0.0, 0.0)
(0.0, 0.0, 0.0)
(1.0, 0.0, 0.0)
(1.0, 0.25, 0.625)
(1.0, 0.16666666666666666, 0.5)
(0.5, 0.058823529411764705, 0.19999999999999998)
(1.0, 0.0, 0.0)
(1.0, 1.0, 1.0)
(1.0, 0.14285714285714285, 0.4545454545454545)
(0.0, 0.0, 0.0)
(1.0, 0.6, 0.8823529411764706)
(1.0, 0.0, 0.0)
(0.5, 0.125, 0.3125)
(1.0, 1.0, 1.0)
(1.0, 0.0, 0.0)
(1.0, 1.0, 1.0)
(1.0, 0.0, 0.0)
(1.0, 0.0, 0.0)
(1.0, 1.0, 1.0)
(1.0, 0.0, 0.0)
(1.0, 0.0, 0.0)
(0.5, 0.3333333333333333, 0.45454545454545453)
(1.0, 0.0, 0.0)
(0.5, 0.5, 0.5)
(1.0, 0.3333333333333333, 0.7142857142857143)
(1.0, 0.0, 0.0)
(0.5, 0.16666666666666666, 0.35714285714285715)
(1.0, 0.0, 0.0)
(1.0, 0.0, 0.0)
(1.0, 0.07142857142857142, 0.2777777777777778)
(1.0, 0.3333333333333333, 0.7142857142857143)
(1.0, 0.0, 0.0)
(1.0, 1.0, 1.0)
(1.0, 0.0, 0.0)
(1.0, 0.0, 0.0)
(1.0, 0.25, 0.625)
(1.0, 0.0, 0.0)
(1.0, 0.0, 0.0)
(1.0, 0.0, 0.0)
(0.0, 0.0, 0.0)
(1.0, 0.0, 0.0)
(0.0, 0.0, 0.0)
(1.0, 0.0, 0.0)
(1.0, 0.0, 0.0)
(1.0, 0.0, 0.0)
(1.0, 1.0, 1.0)
(0.0, 0.0, 0.0)
(1.0, 0.0, 0.0)
(1.0, 0.0, 0.0)
(1.0, 0.0, 0.0)
(1.0, 0.0, 0.0)
(1.0, 0.0, 0.0)
(1.0, 1.0, 1.0)
(1.0, 0.0, 0.0)
(1.0, 0.0, 0.0)
(1.0, 1.0, 1.0)
(1.0, 0.0, 0.0)
(1.0, 0.0, 0.0)
(1.0, 1.0, 1.0)
(0.0, 0.0, 0.0)
(1.0, 1.0, 1.0)
(1.0, 0.0, 0.0)
(0.3333333333333333, 0.5, 0.3571428571428571)
(1.0, 0.0, 0.0)
(0.5, 1.0, 0.5555555555555556)
(0.0, 0.0, 0.0)
(1.0, 0.0, 0.0)
(1.0, 0.0, 0.0)
(1.0, 0.0, 0.0)
(1.0, 1.0, 1.0)
(1.0, 0.0, 0.0)
(1.0, 0.0, 0.0)
(1.0, 0.0, 0.0)
(1.0, 1.0, 1.0)
(1.0, 0.2, 0.5555555555555556)
(1.0, 0.0, 0.0)
(1.0, 0.0, 0.0)
(1.0, 0.0, 0.0)
(1.0, 0.0, 0.0)
(0.0, 0.0, 0.0)
(1.0, 0.5, 0.8333333333333334)
(1.0, 0.0, 0.0)
(1.0, 0.2, 0.5555555555555556)
(0.0, 0.0, 0.0)
(0.3333333333333333, 0.3333333333333333, 0.3333333333333333)
(1.0, 0.0, 0.0)
(1.0, 0.4, 0.7692307692307692)
(1.0, 1.0, 1.0)
(1.0, 0.0, 0.0)
(1.0, 0.5, 0.8333333333333334)
(1.0, 0.0, 0.0)
(1.0, 0.0, 0.0)
(1.0, 0.0, 0.0)
(0.6666666666666666, 0.4, 0.5882352941176471)
(1.0, 0.0, 0.0)
(0.5, 1.0, 0.5555555555555556)
(1.0, 1.0, 1.0)
(1.0, 0.0, 0.0)
(0.5, 0.5, 0.5)
(1.0, 0.6666666666666666, 0.9090909090909091)
(1.0, 0.0, 0.0)
(1.0, 0.0, 0.0)
(1.0, 0.0, 0.0)
(1.0, 1.0, 1.0)
(1.0, 0.0, 0.0)
(0.5, 0.5, 0.5)
(0.5, 0.5, 0.5)
(0.5, 0.2, 0.3846153846153846)
(0.3333333333333333, 0.5, 0.3571428571428571)
(1.0, 0.0, 0.0)
(1.0, 0.4, 0.7692307692307692)
(1.0, 1.0, 1.0)
(1.0, 0.5, 0.8333333333333334)
(1.0, 0.0, 0.0)
(0.6666666666666666, 0.5, 0.625)
(1.0, 0.3333333333333333, 0.7142857142857143)
(1.0, 1.0, 1.0)
(0.0, 0.0, 0.0)
(1.0, 0.0, 0.0)
(0.0, 0.0, 0.0)
(1.0, 0.0, 0.0)
(1.0, 0.0, 0.0)
(0.5, 0.16666666666666666, 0.35714285714285715)
(1.0, 0.0, 0.0)
(1.0, 0.0, 0.0)
(1.0, 0.6666666666666666, 0.9090909090909091)
(1.0, 0.0, 0.0)
(0.5, 1.0, 0.5555555555555556)
(0.3333333333333333, 0.125, 0.25)
(0.0, 0.0, 0.0)
(1.0, 0.0, 0.0)
(1.0, 1.0, 1.0)
(0.0, 0.0, 0.0)
(1.0, 0.0, 0.0)
(1.0, 0.0, 0.0)
(1.0, 0.0, 0.0)
(1.0, 0.5, 0.8333333333333334)
(0.0, 0.0, 0.0)
(1.0, 0.0, 0.0)
(0.5, 0.5, 0.5)
(1.0, 0.0, 0.0)
(0.0, 0.0, 0.0)
(1.0, 1.0, 1.0)
(0.0, 0.0, 0.0)
(0.6666666666666666, 0.25, 0.5)
(1.0, 1.0, 1.0)
(0.0, 0.0, 0.0)
(1.0, 0.5, 0.8333333333333334)
(0.5, 0.25, 0.4166666666666667)
(1.0, 0.3333333333333333, 0.7142857142857143)
(0.0, 0.0, 0.0)
(1.0, 0.5, 0.8333333333333334)
(1.0, 0.3333333333333333, 0.7142857142857143)
(0.5, 0.5, 0.5)
(1.0, 0.5, 0.8333333333333334)
(1.0, 1.0, 1.0)
(1.0, 0.0, 0.0)
(1.0, 0.5, 0.8333333333333334)
(1.0, 0.0, 0.0)
(1.0, 0.3333333333333333, 0.7142857142857143)
(0.5, 0.3333333333333333, 0.45454545454545453)
(1.0, 0.5, 0.8333333333333334)
(1.0, 1.0, 1.0)
(0.5, 0.3333333333333333, 0.45454545454545453)
(1.0, 1.0, 1.0)
(1.0, 0.4, 0.7692307692307692)
(1.0, 0.16666666666666666, 0.5)
(1.0, 0.4, 0.7692307692307692)
(1.0, 0.0, 0.0)
(1.0, 0.5, 0.8333333333333334)
(0.0, 0.0, 0.0)
(1.0, 0.4, 0.7692307692307692)
(0.0, 0.0, 0.0)
(0.3333333333333333, 0.3333333333333333, 0.3333333333333333)
(1.0, 0.5, 0.8333333333333334)
(1.0, 1.0, 1.0)
(1.0, 0.5, 0.8333333333333334)
(1.0, 0.0, 0.0)
(1.0, 0.0, 0.0)
(1.0, 1.0, 1.0)
(1.0, 1.0, 1.0)
(1.0, 0.6666666666666666, 0.9090909090909091)
(1.0, 0.0, 0.0)
(1.0, 0.5, 0.8333333333333334)
(1.0, 1.0, 1.0)
(0.0, 0.0, 0.0)
(0.0, 0.0, 0.0)
(1.0, 0.3333333333333333, 0.7142857142857143)
(1.0, 1.0, 1.0)
(1.0, 1.0, 1.0)
(1.0, 0.3333333333333333, 0.7142857142857143)
(1.0, 1.0, 1.0)
(1.0, 0.5, 0.8333333333333334)
(1.0, 0.0, 0.0)
(0.6666666666666666, 0.4, 0.5882352941176471)
(1.0, 0.5, 0.8333333333333334)
(1.0, 1.0, 1.0)
(0.0, 0.0, 0.0)
(1.0, 0.0, 0.0)
(1.0, 0.0, 0.0)
(1.0, 0.0, 0.0)
(1.0, 0.0, 0.0)
(1.0, 0.0, 0.0)
(1.0, 0.5, 0.8333333333333334)
(0.6666666666666666, 0.4, 0.5882352941176471)
(0.5, 0.5, 0.5)
(1.0, 0.5, 0.8333333333333334)
(1.0, 1.0, 1.0)
(0.5, 0.5, 0.5)
(1.0, 0.0, 0.0)
(1.0, 0.4, 0.7692307692307692)
(1.0, 0.0, 0.0)
(1.0, 0.6666666666666666, 0.9090909090909091)
(1.0, 0.5, 0.8333333333333334)
(1.0, 0.0, 0.0)
(1.0, 0.2222222222222222, 0.5882352941176471)
(0.5, 0.2, 0.3846153846153846)
(1.0, 0.0, 0.0)
(1.0, 0.5, 0.8333333333333334)
(1.0, 0.3333333333333333, 0.7142857142857143)
(1.0, 0.2, 0.5555555555555556)
(1.0, 0.5, 0.8333333333333334)
(1.0, 0.3333333333333333, 0.7142857142857143)
(1.0, 0.2, 0.5555555555555556)
(0.5, 0.3333333333333333, 0.45454545454545453)
(1.0, 1.0, 1.0)
(1.0, 1.0, 1.0)
(1.0, 0.75, 0.9375)
(1.0, 0.0, 0.0)
(1.0, 0.0, 0.0)
(1.0, 1.0, 1.0)
(1.0, 0.5, 0.8333333333333334)
(1.0, 0.5, 0.8333333333333334)
(1.0, 0.0, 0.0)
(1.0, 0.0, 0.0)
(1.0, 0.5, 0.8333333333333334)
(1.0, 1.0, 1.0)
(1.0, 0.0, 0.0)
(0.0, 0.0, 0.0)
(0.5, 0.25, 0.4166666666666667)
(1.0, 0.0, 0.0)
(1.0, 0.0, 0.0)
(1.0, 0.2, 0.5555555555555556)
(1.0, 0.5, 0.8333333333333334)
(1.0, 0.0, 0.0)
(0.0, 0.0, 0.0)
(0.5, 1.0, 0.5555555555555556)
(1.0, 0.5, 0.8333333333333334)
(1.0, 0.3333333333333333, 0.7142857142857143)
(1.0, 0.0, 0.0)
(0.0, 0.0, 0.0)
(1.0, 0.0, 0.0)
(1.0, 0.5, 0.8333333333333334)
(1.0, 0.3333333333333333, 0.7142857142857143)
(1.0, 0.8, 0.9523809523809523)
(1.0, 0.15384615384615385, 0.4761904761904762)
(0.5, 0.5, 0.5)
(1.0, 0.0, 0.0)
(1.0, 1.0, 1.0)
(1.0, 0.0, 0.0)
(1.0, 0.0, 0.0)
(1.0, 0.6666666666666666, 0.9090909090909091)
(1.0, 0.0, 0.0)
(1.0, 0.25, 0.625)
(1.0, 0.5, 0.8333333333333334)
(1.0, 0.0, 0.0)
(1.0, 0.5, 0.8333333333333334)
(1.0, 0.0, 0.0)
(0.5, 0.14285714285714285, 0.3333333333333333)
(1.0, 0.0, 0.0)
(1.0, 0.14285714285714285, 0.4545454545454545)
(1.0, 1.0, 1.0)
(1.0, 1.0, 1.0)
(1.0, 0.0, 0.0)
(1.0, 1.0, 1.0)
(1.0, 0.0, 0.0)
(1.0, 0.6666666666666666, 0.9090909090909091)
(0.5, 1.0, 0.5555555555555556)
(1.0, 0.5, 0.8333333333333334)
(1.0, 0.0, 0.0)
(1.0, 0.0, 0.0)
(1.0, 0.0, 0.0)
(1.0, 0.0, 0.0)
(1.0, 1.0, 1.0)
(0.75, 1.0, 0.7894736842105263)
(1.0, 0.0, 0.0)
(1.0, 0.0, 0.0)
(1.0, 0.5, 0.8333333333333334)
(1.0, 0.0, 0.0)
(0.0, 0.0, 0.0)
(0.5, 0.25, 0.4166666666666667)
(1.0, 0.0, 0.0)
(1.0, 0.16666666666666666, 0.5)
(1.0, 0.0, 0.0)
(1.0, 0.0, 0.0)
(1.0, 0.6666666666666666, 0.9090909090909091)
(0.6666666666666666, 0.6666666666666666, 0.6666666666666666)
(1.0, 0.5, 0.8333333333333334)
(1.0, 0.0, 0.0)
(1.0, 0.0, 0.0)
(0.5, 0.25, 0.4166666666666667)
(1.0, 0.2, 0.5555555555555556)
(1.0, 1.0, 1.0)
(1.0, 0.0, 0.0)
(0.6666666666666666, 0.4, 0.5882352941176471)
(1.0, 0.0, 0.0)
(1.0, 0.0, 0.0)
(1.0, 0.0, 0.0)
(0.0, 0.0, 0.0)
(1.0, 0.0, 0.0)
(1.0, 0.0, 0.0)
(1.0, 0.0, 0.0)
(1.0, 0.2, 0.5555555555555556)
(0.75, 0.42857142857142855, 0.6521739130434782)
(1.0, 0.5, 0.8333333333333334)
(1.0, 0.0, 0.0)
(1.0, 1.0, 1.0)
(1.0, 0.0, 0.0)
(1.0, 1.0, 1.0)
(1.0, 0.3333333333333333, 0.7142857142857143)
(1.0, 1.0, 1.0)
(0.5, 0.3333333333333333, 0.45454545454545453)
(0.0, 0.0, 0.0)
(0.3333333333333333, 0.25, 0.3125)
(1.0, 0.0, 0.0)
(1.0, 0.25, 0.625)
(1.0, 0.0, 0.0)
(1.0, 0.0, 0.0)
(0.5, 0.3333333333333333, 0.45454545454545453)
(1.0, 0.6666666666666666, 0.9090909090909091)
(1.0, 0.6666666666666666, 0.9090909090909091)
(0.0, 0.0, 0.0)
(1.0, 0.6666666666666666, 0.9090909090909091)
(1.0, 0.3333333333333333, 0.7142857142857143)
(0.0, 0.0, 0.0)
(0.5, 1.0, 0.5555555555555556)
(1.0, 0.0, 0.0)
(1.0, 0.6666666666666666, 0.9090909090909091)
(0.0, 0.0, 0.0)
(1.0, 0.5, 0.8333333333333334)
(1.0, 0.0, 0.0)
(1.0, 0.0, 0.0)
(0.5, 1.0, 0.5555555555555556)
(1.0, 0.5, 0.8333333333333334)
(1.0, 0.0, 0.0)
(1.0, 0.5, 0.8333333333333334)
(1.0, 0.16666666666666666, 0.5)
(1.0, 0.5, 0.8333333333333334)
(0.0, 0.0, 0.0)
(1.0, 1.0, 1.0)
(1.0, 1.0, 1.0)
(1.0, 0.0, 0.0)
(1.0, 1.0, 1.0)
(1.0, 0.0, 0.0)
(1.0, 0.5, 0.8333333333333334)
(1.0, 0.0, 0.0)
(1.0, 1.0, 1.0)
(1.0, 0.5, 0.8333333333333334)
(1.0, 0.0, 0.0)
(1.0, 0.0, 0.0)
(1.0, 0.5, 0.8333333333333334)
(1.0, 0.0, 0.0)
(1.0, 0.0, 0.0)
(1.0, 1.0, 1.0)
(1.0, 0.2, 0.5555555555555556)
(1.0, 0.5, 0.8333333333333334)
(0.5, 0.75, 0.5357142857142857)
(1.0, 0.0, 0.0)
(0.5, 1.0, 0.5555555555555556)
(1.0, 1.0, 1.0)
(1.0, 0.0, 0.0)
(1.0, 0.3333333333333333, 0.7142857142857143)
(1.0, 0.0, 0.0)
(1.0, 0.0, 0.0)
(1.0, 1.0, 1.0)
(0.5, 0.3333333333333333, 0.45454545454545453)
(0.6666666666666666, 0.4, 0.5882352941176471)
(1.0, 0.75, 0.9375)
(1.0, 0.0, 0.0)
(0.5, 0.25, 0.4166666666666667)
(1.0, 0.0, 0.0)
(0.0, 0.0, 0.0)
(1.0, 0.5, 0.8333333333333334)
(0.5, 1.0, 0.5555555555555556)
(1.0, 0.5, 0.8333333333333334)
(1.0, 0.4, 0.7692307692307692)
(1.0, 0.5, 0.8333333333333334)
(1.0, 0.0, 0.0)
(1.0, 0.0, 0.0)
(1.0, 0.0, 0.0)
(1.0, 1.0, 1.0)
(1.0, 0.0, 0.0)
(0.0, 0.0, 0.0)
(1.0, 0.0, 0.0)
(1.0, 1.0, 1.0)
(1.0, 0.0, 0.0)
(1.0, 1.0, 1.0)
(1.0, 0.0, 0.0)
(0.5, 0.3333333333333333, 0.45454545454545453)
(1.0, 0.5, 0.8333333333333334)
(1.0, 0.0, 0.0)
(0.0, 0.0, 0.0)
(1.0, 0.0, 0.0)
(1.0, 0.0, 0.0)
(1.0, 1.0, 1.0)
(1.0, 0.5, 0.8333333333333334)
(1.0, 0.0, 0.0)
(0.5, 0.16666666666666666, 0.35714285714285715)
(0.0, 0.0, 0.0)
(1.0, 0.0, 0.0)
(1.0, 0.0, 0.0)
(1.0, 0.5, 0.8333333333333334)
(1.0, 0.2, 0.5555555555555556)
(1.0, 0.0, 0.0)
(1.0, 1.0, 1.0)
(1.0, 0.6666666666666666, 0.9090909090909091)
(1.0, 0.0, 0.0)
(1.0, 0.0, 0.0)
(1.0, 0.0, 0.0)
(1.0, 1.0, 1.0)
(0.6666666666666666, 0.6666666666666666, 0.6666666666666666)
(1.0, 0.0, 0.0)
(1.0, 0.0, 0.0)
(0.0, 0.0, 0.0)
(1.0, 0.0, 0.0)
(0.6666666666666666, 0.3333333333333333, 0.5555555555555555)
(1.0, 0.0, 0.0)
(0.6, 0.5, 0.5769230769230769)
(1.0, 0.3333333333333333, 0.7142857142857143)
(1.0, 1.0, 1.0)
(1.0, 0.6666666666666666, 0.9090909090909091)
(1.0, 0.3333333333333333, 0.7142857142857143)
(1.0, 0.0, 0.0)
(1.0, 0.0, 0.0)
(1.0, 0.18181818181818182, 0.5263157894736843)
(1.0, 0.0, 0.0)
(0.5, 0.5, 0.5)
(0.0, 0.0, 0.0)
(1.0, 0.0, 0.0)
(1.0, 0.5, 0.8333333333333334)
(1.0, 1.0, 1.0)
(1.0, 0.0, 0.0)
(1.0, 0.2, 0.5555555555555556)
(1.0, 0.0, 0.0)
(1.0, 0.0, 0.0)
(1.0, 0.0, 0.0)
(1.0, 0.0, 0.0)
(1.0, 0.2, 0.5555555555555556)
(1.0, 0.0, 0.0)
(1.0, 0.0, 0.0)
(1.0, 0.0, 0.0)
(1.0, 1.0, 1.0)
(1.0, 1.0, 1.0)
(1.0, 0.25, 0.625)
(1.0, 0.0, 0.0)
(1.0, 0.0, 0.0)
(1.0, 0.3333333333333333, 0.7142857142857143)
(0.5, 0.3333333333333333, 0.45454545454545453)
(1.0, 0.5, 0.8333333333333334)
(0.0, 0.0, 0.0)
(1.0, 0.6666666666666666, 0.9090909090909091)
(1.0, 0.0, 0.0)
(1.0, 1.0, 1.0)
(0.5, 0.25, 0.4166666666666667)
(1.0, 0.0, 0.0)
(1.0, 0.0, 0.0)
(1.0, 0.0, 0.0)
(1.0, 0.0, 0.0)
(0.0, 0.0, 0.0)
(1.0, 1.0, 1.0)
(1.0, 0.0, 0.0)
(0.5, 0.5, 0.5)
(1.0, 1.0, 1.0)
(0.5, 1.0, 0.5555555555555556)
(1.0, 0.0, 0.0)
(1.0, 0.0, 0.0)
(1.0, 0.25, 0.625)
(1.0, 0.6, 0.8823529411764706)
(0.0, 0.0, 0.0)
(1.0, 0.0, 0.0)
(1.0, 1.0, 1.0)
(1.0, 0.0, 0.0)
(0.0, 0.0, 0.0)
(1.0, 1.0, 1.0)
(1.0, 0.0, 0.0)
(1.0, 0.3333333333333333, 0.7142857142857143)
(1.0, 0.0, 0.0)
(1.0, 0.5, 0.8333333333333334)
(1.0, 0.0, 0.0)
(0.5, 0.5, 0.5)
(1.0, 1.0, 1.0)
(1.0, 0.4, 0.7692307692307692)
(1.0, 1.0, 1.0)
(1.0, 0.5, 0.8333333333333334)
(1.0, 0.16666666666666666, 0.5)
(1.0, 0.3333333333333333, 0.7142857142857143)
(1.0, 0.25, 0.625)
(1.0, 1.0, 1.0)
(1.0, 0.0, 0.0)
(1.0, 0.3333333333333333, 0.7142857142857143)
(1.0, 0.6666666666666666, 0.9090909090909091)
(1.0, 1.0, 1.0)
(1.0, 0.0, 0.0)
(1.0, 0.0, 0.0)
(1.0, 1.0, 1.0)
(1.0, 0.0, 0.0)
(1.0, 0.0, 0.0)
(1.0, 0.6666666666666666, 0.9090909090909091)
(0.0, 0.0, 0.0)
(1.0, 0.2, 0.5555555555555556)
(1.0, 0.0, 0.0)
(0.5, 0.25, 0.4166666666666667)
(1.0, 0.3333333333333333, 0.7142857142857143)
(1.0, 0.0, 0.0)
(1.0, 0.2, 0.5555555555555556)
(1.0, 0.0, 0.0)
(1.0, 0.0, 0.0)
(1.0, 1.0, 1.0)
(1.0, 0.0, 0.0)
(1.0, 0.3333333333333333, 0.7142857142857143)
(1.0, 0.0, 0.0)
(1.0, 1.0, 1.0)
(1.0, 0.0, 0.0)
(1.0, 0.5, 0.8333333333333334)
(1.0, 0.3333333333333333, 0.7142857142857143)
(1.0, 0.0, 0.0)
(1.0, 1.0, 1.0)
(1.0, 0.0, 0.0)
(1.0, 0.75, 0.9375)
(1.0, 1.0, 1.0)
(1.0, 0.0, 0.0)
(1.0, 0.5, 0.8333333333333334)
(1.0, 0.5, 0.8333333333333334)
(1.0, 0.0, 0.0)
(1.0, 0.2, 0.5555555555555556)
(1.0, 0.0, 0.0)
(1.0, 1.0, 1.0)
(1.0, 1.0, 1.0)
(1.0, 0.0, 0.0)
(1.0, 0.0, 0.0)
(0.6666666666666666, 1.0, 0.7142857142857142)
(0.0, 0.0, 0.0)
(1.0, 0.0, 0.0)
(1.0, 0.0, 0.0)
(1.0, 0.0, 0.0)
(1.0, 0.5, 0.8333333333333334)
(0.0, 0.0, 0.0)
(1.0, 1.0, 1.0)
(0.3333333333333333, 0.25, 0.3125)
(1.0, 0.3333333333333333, 0.7142857142857143)
(0.5, 0.5, 0.5)
(0.3333333333333333, 0.3333333333333333, 0.3333333333333333)
(0.0, 0.0, 0.0)
(1.0, 0.0, 0.0)
(1.0, 0.0, 0.0)
(1.0, 0.2857142857142857, 0.6666666666666666)
(1.0, 0.25, 0.625)
(1.0, 0.0, 0.0)
(1.0, 0.3333333333333333, 0.7142857142857143)
(1.0, 1.0, 1.0)
(1.0, 0.5, 0.8333333333333334)
(1.0, 1.0, 1.0)
(0.0, 0.0, 0.0)
(1.0, 0.0, 0.0)
(1.0, 0.0, 0.0)
(0.0, 0.0, 0.0)
(1.0, 0.0, 0.0)
(0.5, 0.3333333333333333, 0.45454545454545453)
(1.0, 0.0, 0.0)
(1.0, 0.0, 0.0)
(0.0, 0.0, 0.0)
(1.0, 0.0, 0.0)
(1.0, 0.0, 0.0)
(1.0, 0.0, 0.0)
(0.5, 0.14285714285714285, 0.3333333333333333)
(0.0, 0.0, 0.0)
(0.5, 0.5, 0.5)
(1.0, 0.0, 0.0)
(1.0, 0.0, 0.0)
(1.0, 0.0, 0.0)
(1.0, 0.0, 0.0)
(1.0, 0.0, 0.0)
(1.0, 1.0, 1.0)
(1.0, 0.0, 0.0)
(1.0, 0.0, 0.0)
(1.0, 0.0, 0.0)
(0.5, 0.5, 0.5)
(1.0, 0.5, 0.8333333333333334)
(1.0, 0.2, 0.5555555555555556)
(0.0, 0.0, 0.0)
(1.0, 0.25, 0.625)
(1.0, 0.0, 0.0)
(1.0, 0.0, 0.0)
(1.0, 0.5, 0.8333333333333334)
(1.0, 0.0, 0.0)
(0.0, 0.0, 0.0)
(1.0, 0.0, 0.0)
(1.0, 1.0, 1.0)
(1.0, 0.0, 0.0)
(0.0, 0.0, 0.0)
(1.0, 0.0, 0.0)
(1.0, 0.6666666666666666, 0.9090909090909091)
(1.0, 0.0, 0.0)
(1.0, 0.0, 0.0)
(1.0, 0.2, 0.5555555555555556)
(1.0, 0.2, 0.5555555555555556)
(0.5, 0.16666666666666666, 0.35714285714285715)
(0.0, 0.0, 0.0)
(1.0, 0.0, 0.0)
(1.0, 0.0, 0.0)
(1.0, 0.5714285714285714, 0.8695652173913042)
(1.0, 1.0, 1.0)
(1.0, 0.0, 0.0)
(1.0, 0.5, 0.8333333333333334)
(1.0, 0.0, 0.0)
(1.0, 0.5, 0.8333333333333334)
(0.5, 0.25, 0.4166666666666667)
(0.5, 0.5, 0.5)
(1.0, 0.0, 0.0)
(0.5, 0.25, 0.4166666666666667)
(1.0, 0.6666666666666666, 0.9090909090909091)
(1.0, 0.0, 0.0)
(0.3333333333333333, 0.3333333333333333, 0.3333333333333333)
(1.0, 0.0, 0.0)
(1.0, 0.3333333333333333, 0.7142857142857143)
(1.0, 0.0, 0.0)
(1.0, 0.0, 0.0)
(1.0, 0.0, 0.0)
(0.6666666666666666, 0.6666666666666666, 0.6666666666666666)
(1.0, 0.375, 0.75)
(0.6666666666666666, 0.4, 0.5882352941176471)
(1.0, 0.0, 0.0)
(0.0, 0.0, 0.0)
(1.0, 0.0, 0.0)
(1.0, 1.0, 1.0)
(1.0, 0.0, 0.0)
(1.0, 0.0, 0.0)
(1.0, 0.0, 0.0)
(1.0, 0.5, 0.8333333333333334)
(1.0, 1.0, 1.0)
(1.0, 0.3333333333333333, 0.7142857142857143)
(1.0, 1.0, 1.0)
(1.0, 0.0, 0.0)
(1.0, 0.0, 0.0)
(1.0, 0.0, 0.0)
(1.0, 1.0, 1.0)
(0.0, 0.0, 0.0)
(1.0, 1.0, 1.0)
(0.0, 0.0, 0.0)
(1.0, 0.0, 0.0)
(1.0, 0.0, 0.0)
(0.0, 0.0, 0.0)
(1.0, 0.0, 0.0)
(1.0, 1.0, 1.0)
(1.0, 0.0, 0.0)
(0.5, 0.5, 0.5)
(1.0, 0.5, 0.8333333333333334)
(1.0, 0.0, 0.0)
(1.0, 0.0, 0.0)
(1.0, 0.0, 0.0)
(1.0, 1.0, 1.0)
(1.0, 1.0, 1.0)
(0.5, 0.5, 0.5)
(1.0, 0.0, 0.0)
(0.0, 0.0, 0.0)
(1.0, 0.0, 0.0)
(0.0, 0.0, 0.0)
(1.0, 1.0, 1.0)
(1.0, 0.0, 0.0)
(1.0, 0.2857142857142857, 0.6666666666666666)
(0.25, 0.5, 0.2777777777777778)
(1.0, 0.0, 0.0)
(1.0, 1.0, 1.0)
(1.0, 0.0, 0.0)
(1.0, 0.3333333333333333, 0.7142857142857143)
(1.0, 0.5, 0.8333333333333334)
(1.0, 1.0, 1.0)
(1.0, 0.0, 0.0)
(0.0, 0.0, 0.0)
(1.0, 0.0, 0.0)
(1.0, 1.0, 1.0)
(1.0, 0.0, 0.0)
(1.0, 0.3333333333333333, 0.7142857142857143)
(1.0, 0.5, 0.8333333333333334)
(1.0, 0.0, 0.0)
(1.0, 0.0, 0.0)
(1.0, 1.0, 1.0)
(1.0, 1.0, 1.0)
(1.0, 0.0, 0.0)
(1.0, 0.0, 0.0)
(1.0, 0.0, 0.0)
(0.5, 0.5, 0.5)
(1.0, 0.3333333333333333, 0.7142857142857143)
(1.0, 0.0, 0.0)
(1.0, 0.5, 0.8333333333333334)
(1.0, 0.3333333333333333, 0.7142857142857143)
(1.0, 0.0, 0.0)
(1.0, 0.5, 0.8333333333333334)
(1.0, 0.0, 0.0)
(1.0, 0.25, 0.625)
(1.0, 0.0, 0.0)
(1.0, 0.0, 0.0)
(1.0, 0.0, 0.0)
(1.0, 0.0, 0.0)
(1.0, 0.0, 0.0)
(1.0, 0.0, 0.0)
(1.0, 0.0, 0.0)
(0.0, 0.0, 0.0)
(1.0, 0.0, 0.0)
(1.0, 1.0, 1.0)
(1.0, 0.0, 0.0)
(0.5, 0.5, 0.5)
(1.0, 0.5, 0.8333333333333334)
(0.0, 0.0, 0.0)
(0.5, 0.25, 0.4166666666666667)
(1.0, 0.5, 0.8333333333333334)
(1.0, 0.5, 0.8333333333333334)
(1.0, 0.3333333333333333, 0.7142857142857143)
(0.0, 0.0, 0.0)
(1.0, 0.3333333333333333, 0.7142857142857143)
(1.0, 0.0, 0.0)
(1.0, 0.2, 0.5555555555555556)
(1.0, 0.3333333333333333, 0.7142857142857143)
(1.0, 0.0, 0.0)
(1.0, 0.0, 0.0)
(0.5, 1.0, 0.5555555555555556)
(1.0, 0.5, 0.8333333333333334)
(1.0, 0.25, 0.625)
(1.0, 0.0, 0.0)
(1.0, 0.16666666666666666, 0.5)
(1.0, 0.0, 0.0)
(1.0, 0.0, 0.0)
(0.6666666666666666, 0.5, 0.625)
(1.0, 0.0, 0.0)
(1.0, 0.0, 0.0)
(1.0, 1.0, 1.0)
(1.0, 0.0, 0.0)
(1.0, 0.0, 0.0)
(1.0, 0.0, 0.0)
(1.0, 1.0, 1.0)
(1.0, 0.5, 0.8333333333333334)
(1.0, 0.0, 0.0)
(1.0, 0.5, 0.8333333333333334)
(1.0, 1.0, 1.0)
(0.0, 0.0, 0.0)
(0.0, 0.0, 0.0)
(1.0, 0.5, 0.8333333333333334)
(1.0, 1.0, 1.0)
(1.0, 0.0, 0.0)
(1.0, 1.0, 1.0)
(1.0, 0.0, 0.0)
(1.0, 0.0, 0.0)
(0.0, 0.0, 0.0)
(1.0, 1.0, 1.0)
(1.0, 1.0, 1.0)
(1.0, 0.4, 0.7692307692307692)
(1.0, 0.0, 0.0)
(1.0, 0.0, 0.0)
(1.0, 0.0, 0.0)
(0.0, 0.0, 0.0)
(1.0, 0.0, 0.0)
(1.0, 0.0, 0.0)
(1.0, 0.25, 0.625)
(0.0, 0.0, 0.0)
(0.0, 0.0, 0.0)
(1.0, 0.0, 0.0)
(1.0, 1.0, 1.0)
(1.0, 0.0, 0.0)
(1.0, 0.4, 0.7692307692307692)
(1.0, 0.5, 0.8333333333333334)
(1.0, 0.0, 0.0)
(0.0, 0.0, 0.0)
(1.0, 0.0, 0.0)
(1.0, 1.0, 1.0)
(0.0, 0.0, 0.0)
(0.0, 0.0, 0.0)
(0.75, 0.5, 0.6818181818181818)
(0.5, 0.3333333333333333, 0.45454545454545453)
(1.0, 0.5, 0.8333333333333334)
(1.0, 0.0, 0.0)
(1.0, 0.0, 0.0)
(1.0, 0.0, 0.0)
(1.0, 0.3333333333333333, 0.7142857142857143)
(1.0, 0.0, 0.0)
(1.0, 1.0, 1.0)
(1.0, 0.5, 0.8333333333333334)
(1.0, 0.2857142857142857, 0.6666666666666666)
(0.0, 0.0, 0.0)
(1.0, 0.1875, 0.5357142857142857)
(1.0, 0.5, 0.8333333333333334)
(1.0, 0.3333333333333333, 0.7142857142857143)
(1.0, 0.0, 0.0)
(1.0, 0.2, 0.5555555555555556)
(1.0, 0.25, 0.625)
(1.0, 0.4, 0.7692307692307692)
(1.0, 0.0, 0.0)
(1.0, 0.5, 0.8333333333333334)
(1.0, 0.0, 0.0)
(1.0, 0.5, 0.8333333333333334)
(1.0, 1.0, 1.0)
(1.0, 0.5, 0.8333333333333334)
(1.0, 0.3333333333333333, 0.7142857142857143)
(1.0, 0.4, 0.7692307692307692)
(1.0, 0.0, 0.0)
(0.6666666666666666, 1.0, 0.7142857142857142)
(1.0, 0.0, 0.0)
(1.0, 0.0, 0.0)
(1.0, 1.0, 1.0)
(0.3333333333333333, 0.125, 0.25)
(1.0, 0.0, 0.0)
(0.6666666666666666, 0.5, 0.625)
(0.3333333333333333, 0.3333333333333333, 0.3333333333333333)
(1.0, 0.0, 0.0)
(1.0, 0.0, 0.0)
(1.0, 0.0, 0.0)
(1.0, 0.0, 0.0)
(0.5, 0.3333333333333333, 0.45454545454545453)
(1.0, 0.1111111111111111, 0.38461538461538464)
(1.0, 0.0, 0.0)
(1.0, 0.0, 0.0)
(1.0, 0.25, 0.625)
(1.0, 1.0, 1.0)
(1.0, 0.3333333333333333, 0.7142857142857143)
(0.0, 0.0, 0.0)
(1.0, 0.0, 0.0)
(1.0, 1.0, 1.0)
(1.0, 0.16666666666666666, 0.5)
(1.0, 1.0, 1.0)
(1.0, 1.0, 1.0)
(1.0, 0.0, 0.0)
(1.0, 0.0, 0.0)
(1.0, 0.0, 0.0)
(1.0, 0.0, 0.0)
(1.0, 1.0, 1.0)
(1.0, 0.5, 0.8333333333333334)
(1.0, 0.0, 0.0)
(1.0, 0.0, 0.0)
(1.0, 0.5, 0.8333333333333334)
(1.0, 0.3333333333333333, 0.7142857142857143)
(1.0, 0.0, 0.0)
(1.0, 0.0, 0.0)
(1.0, 0.0, 0.0)
(1.0, 0.5, 0.8333333333333334)
(1.0, 0.0, 0.0)
(1.0, 0.0, 0.0)
(1.0, 0.0, 0.0)
(1.0, 0.0, 0.0)
(1.0, 0.0, 0.0)
(1.0, 0.0, 0.0)
(1.0, 0.0, 0.0)
(1.0, 0.0, 0.0)
(1.0, 0.0, 0.0)
(0.0, 0.0, 0.0)
(1.0, 1.0, 1.0)
(1.0, 1.0, 1.0)
(1.0, 1.0, 1.0)
(1.0, 0.0, 0.0)
(1.0, 0.4, 0.7692307692307692)