frequency	# of variants
0.0002	0.000319139278896
0.00021	0.000298934915832
0.0002205	0.000281236772225
0.000231525	0.000265582348174
0.00024310125	0.000251616140669
0.0002552563125	0.000239062219267
0.000268019128125	0.000227704385452
0.000281420084531	0.00021737155741
0.000295491088758	0.000207927035619
0.000310265643196	0.000199260529921
0.000325778925355	0.000191282226588
0.000342067871623	0.000183918314375
0.000359171265204	0.000177107631987
0.000377129828465	0.000170799123794
0.000395986319888	0.000164949897671
0.000415785635882	0.000159523725121
0.000436574917676	0.00015448992383
0.00045840366356	0.000149822455891
0.000481323846738	0.000145499255982
0.000505390039075	0.000141501694106
0.000530659541029	0.0001378141826
0.00055719251808	0.000134423845368
0.000585052143984	0.000131320310177
0.000614304751184	0.000128495517521
0.000645019988743	0.000125943631118
0.00067727098818	0.000123660958275
0.000711134537589	0.000121645923799
0.000746691264468	0.000119899125453
0.000784025827692	0.000118423344597
0.000823227119076	0.000117223665868
0.00086438847503	0.000116307582807
0.000907607898782	0.000115685165142
0.000952988293721	0.00011536921598
0.00100063770841	0.000115375508921
0.00105066959383	0.000115723045169
0.00110320307352	0.000116434486728
0.00115836322719	0.000117536977558
0.00121628138855	0.000119063812184
0.00127709545798	0.00012105847343
0.00134095023088	0.000123584428373
0.00140799774242	0.000126749122504
0.00147839762955	0.000130764743824
0.00155231751102	0.000136104804843
0.00162993338657	0.000143926136079
0.0017114300559	0.000157274548106
0.0017970015587	0.000184833827216
0.00188685163663	0.000254015871677
0.00198119421847	0.000463950044323
0.00208025392939	0.00123537728971
0.00218426662586	0.00446270472443
0.00229347995715	0.012457943915
0.00240815395501	165.841667721
0.00252856165276	136.566472189
0.0026549897354	0.0172429364531
0.00278773922217	0.0011664021678
0.00292712618327	0.000109723407495
0.00307348249244	0.000203425954342
0.00322715661706	0.00030279747147
0.00338851444791	0.000279390754858
0.00355794017031	0.000193363992434
0.00373583717882	0.000113999265379
0.00392262903777	6.70243160496e-05
0.00411876048965	4.40192436762e-05
0.00432469851414	3.23470224402e-05
0.00454093343984	2.51456102704e-05
0.00476798011184	1.98187210912e-05
0.00500637911743	1.56059767968e-05
0.0052566980733	1.22829015738e-05
0.00551953297696	9.71043745667e-06
0.00579550962581	7.74615367755e-06
0.0060852851071	6.25224400844e-06
0.00638954936246	5.11073881437e-06
0.00670902683058	4.22901057291e-06
0.00704447817211	3.53809027095e-06
0.00739670208072	2.98812974682e-06
0.00776653718475	2.5435861905e-06
0.00815486404399	2.17916828387e-06
0.00856260724619	1.876764354e-06
0.0089907376085	1.62324132174e-06
0.00944027448892	1.4089160197e-06
0.00991228821337	1.22651061737e-06
0.010407902624	1.07044382337e-06
0.0109282977552	9.3634980273e-07
0.011474712643	8.20749930403e-07
0.0120484482752	7.20826656926e-07
0.0126508706889	6.34265587249e-07
0.0132834142234	5.59143368829e-07
0.0139475849345	4.93846524501e-07
0.0146449641812	4.3701145807e-07
0.0153772123903	3.87479114885e-07
0.0161460730098	3.44259964642e-07
0.0169533766603	3.06506386787e-07
0.0178010454933	2.73490489139e-07
0.018691097768	2.44585986549e-07
0.0196256526564	2.19253205829e-07
0.0206069352892	1.97026524416e-07
0.0216372820537	1.77503762274e-07
0.0227191461564	1.60337156142e-07
0.0238551034642	1.45225636257e-07
0.0250478586374	1.31908188399e-07
0.0263002515693	1.20158123758e-07
0.0276152641477	1.09778114244e-07
0.0289960273551	1.00595875763e-07
0.0304458287229	9.24604001478e-08
0.031968120159	8.52386575393e-08
0.033566526167	7.88127063074e-08
0.0352448524753	7.30771672746e-08
0.0370070950991	6.79370399105e-08
0.038857449854	6.33058607617e-08
0.0408003223467	5.91042336592e-08
0.0428403384641	5.52587859651e-08
0.0449823553873	5.17016299358e-08
0.0472314731566	4.83704135795e-08
0.0495930468145	4.52090232342e-08
0.0520726991552	4.21689284815e-08
0.0546763341129	3.92110318619e-08
0.0574101508186	3.63077098182e-08
0.0602806583595	3.3444550713e-08
0.0632946912775	3.06211955888e-08
0.0664594258414	2.78507573996e-08
0.0697823971334	2.51575845264e-08
0.0732715169901	2.25735840279e-08
0.0769350928396	2.01337601347e-08
0.0807818474816	1.78718608484e-08
0.0848209398557	1.5816975443e-08
0.0890619868485	1.3991678189e-08
0.0935150861909	1.24120561185e-08
0.0981908405004	1.10898145287e-08
0.103100382525	1.00365815389e-08
0.108255401652	9.27038650257e-09
0.113668171734	8.82404336218e-09
0.119351580321	8.75520553136e-09
0.125319159337	9.15906962501e-09
0.131585117304	1.01884411664e-08
0.138164373169	1.20947040329e-08
0.145072591828	1.53264338627e-08
0.152326221419	2.08015668996e-08
0.15994253249	3.08213063355e-08
0.167939659114	5.33290377331e-08
0.17633664207	1.38556806342e-07
0.185153474174	1.37836660323
