frequency	# of variants
0.0002	0.00037567616503
0.00021	0.000360502767367
0.0002205	0.000346097597792
0.000231525	0.000332424003344
0.00024310125	0.000319447874094
0.0002552563125	0.000307137308055
0.000268019128125	0.000295462419465
0.000281420084531	0.000284395200579
0.000295491088758	0.000273909343316
0.000310265643196	0.000263980202912
0.000325778925355	0.000254584704906
0.000342067871623	0.000245701276932
0.000359171265204	0.00023730985001
0.000377129828465	0.000229391782194
0.000395986319888	0.000221929858697
0.000415785635882	0.000214908313739
0.000436574917676	0.000208312790478
0.00045840366356	0.000202130391555
0.000481323846738	0.000196349693724
0.000505390039075	0.000190960828769
0.000530659541029	0.000185955520028
0.00055719251808	0.000181327203167
0.000585052143984	0.000177071143449
0.000614304751184	0.000173184605416
0.000645019988743	0.000169667059153
0.00067727098818	0.000166520437904
0.000711134537589	0.000163749477314
0.000746691264468	0.000161362128122
0.000784025827692	0.000159370112475
0.000823227119076	0.000157789563636
0.00086438847503	0.000156641958143
0.000907607898782	0.000155955169245
0.000952988293721	0.000155765007307
0.00100063770841	0.000156117076072
0.00105066959383	0.000157069368043
0.00110320307352	0.000158695691632
0.00115836322719	0.000161090291149
0.00121628138855	0.000164374401005
0.00127709545798	0.000168705191424
0.00134095023088	0.000174288821508
0.00140799774242	0.000181399376026
0.00147839762955	0.000190407264585
0.00155231751102	0.000201822893844
0.00162993338657	0.000216365955992
0.0017114300559	0.000235079606323
0.0017970015587	0.000259526672558
0.00188685163663	0.000292145565612
0.00198119421847	0.000336938961402
0.00208025392939	0.000400921081083
0.00218426662586	0.000497515502673
0.00229347995715	0.000655841452778
0.00240815395501	0.000952642266244
0.00252856165276	0.0016730203507
0.0026549897354	0.00469848058886
0.00278773922217	19.943566469
0.00292712618327	295.871525195
0.00307348249244	0.0105434877223
0.00322715661706	0.00319176507185
0.00338851444791	0.00130457190894
0.00355794017031	0.000569630233904
0.00373583717882	0.00032416597627
0.00392262903777	0.000203722272101
0.00411876048965	0.000135322767385
0.00432469851414	9.391339229e-05
0.00454093343984	6.76827928733e-05
0.00476798011184	5.01963842604e-05
0.00500637911743	3.80307752308e-05
0.0052566980733	2.92955467107e-05
0.00551953297696	2.28756617566e-05
0.00579550962581	1.80719448896e-05
0.0060852851071	1.44246426192e-05
0.00638954936246	1.16206159269e-05
0.00670902683058	9.44096442787e-06
0.00704447817211	7.72962199738e-06
0.00739670208072	6.37357971348e-06
0.00776653718475	5.28994038603e-06
0.00815486404399	4.41719679829e-06
0.00856260724619	3.70922915858e-06
0.0089907376085	3.13110903999e-06
0.00944027448892	2.65613125776e-06
0.00991228821337	2.26369231423e-06
0.010407902624	1.93775972865e-06
0.0109282977552	1.6657573411e-06
0.011474712643	1.43774590669e-06
0.0120484482752	1.24581520678e-06
0.0126508706889	1.08362895439e-06
0.0132834142234	9.46081071321e-07
0.0139475849345	8.29033905882e-07
0.0146449641812	7.29117240403e-07
0.0153772123903	6.4357281831e-07
0.0161460730098	5.70133221099e-07
0.0169533766603	5.06926883207e-07
0.0178010454933	4.52403152149e-07
0.018691097768	4.05272811123e-07
0.0196256526564	3.64460638149e-07
0.0206069352892	3.29067374743e-07
0.0216372820537	2.98339106603e-07
0.0227191461564	2.71642521376e-07
0.0238551034642	2.48444849088e-07
0.0250478586374	2.28297564216e-07
0.0263002515693	2.10823127186e-07
0.0276152641477	1.95704208306e-07
0.0289960273551	1.82674960201e-07
0.0304458287229	1.71514008874e-07
0.031968120159	1.6203892262e-07
0.033566526167	1.54101999375e-07
0.0352448524753	1.47587295012e-07
0.0370070950991	1.42408910111e-07
0.038857449854	1.38510680626e-07
0.0408003223467	1.35867601999e-07
0.0428403384641	1.3448961087e-07
0.0449823553873	1.34428854541e-07
0.0472314731566	1.35792473746e-07
0.0495930468145	1.38764616122e-07
0.0520726991552	1.43644751644e-07
0.0546763341129	1.50916440473e-07
0.0574101508186	1.61376823882e-07
0.0602806583595	1.76397302689e-07
0.0632946912775	1.98498294203e-07
0.0664594258414	2.32786180671e-07
0.0697823971334	2.9126104877e-07
0.0732715169901	4.10032471952e-07
0.0769350928396	7.69682103053e-07
0.0807818474816	0.968841046929
